tree
version=v2
num_class=1
num_tree_per_iteration=1
label_index=0
max_feature_idx=33
objective=regression
feature_names=Column_0 Column_1 Column_2 Column_3 Column_4 Column_5 Column_6 Column_7 Column_8 Column_9 Column_10 Column_11 Column_12 Column_13 Column_14 Column_15 Column_16 Column_17 Column_18 Column_19 Column_20 Column_21 Column_22 Column_23 Column_24 Column_25 Column_26 Column_27 Column_28 Column_29 Column_30 Column_31 Column_32 Column_33
feature_infos=[7:53] [1:325927] [0:40080.375] [0:1] [0:554] [0:834] [0:1] [-90:90] [1:389911] [0.22222222222222221:1] [0:1] [0.11851851851851852:1] [0:3871.8103166302658] [0:979.08232046832802] [0:582.10542021879837] [0:1] [0:255] [0:124.95104256878334] [1:8] [50:331713] [9.7307817061303918e-06:17.294625082946251] [1:19] [53:331713] [9.7307817061303918e-06:33.644680851063832] [1:35] [67:331713] [9.7307817061303918e-06:188.30093457943926] [1:57] [76:331713] [9.7307817061303918e-06:188.30093457943926] [0:3] [1:18] [1:18] [0:3]
tree_sizes=988 1018 1017 1017 1020 1019 1014 1018 1018 1031 1016 1022 1033 1031 1024 1029 1034 1028 1031 1036 1036 1028 1021 1032 1043 1027 1034 1039 1027 1040 1031 1027 1028 1037 1007 1021 1023 1030 1031 1022 1009 1030 1030 997 1033 1031 1025 1024 1027 1033 1029

Tree=0
num_leaves=11
num_cat=0
split_feature=16 32 16 16 32 23 32 17 16 16
split_gain=21504.8 5965.6 2914.91 2591.92 1621.36 1184.37 728.56 512.084 387.556 360.537
threshold=214.78480834838453 1.5000000000000002 193.80793944396888 228.60912457534613 1.5000000000000002 0.67866400938386617 1.5000000000000002 91.684246190139802 169.73162922176229 234.73193606182619
decision_type=2 2 2 2 2 2 2 2 2 2
left_child=2 3 6 -2 -4 -3 7 8 -1 -5
right_child=1 5 4 9 -6 -7 -8 -9 -10 -11
leaf_value=0.49967541757339123 0.54741026631884315 0.48659556026944251 0.52933604205146789 0.55976638333728712 0.49217569108843134 0.53162101386669391 0.48411700642898803 0.53654025956244433 0.51175315764686768 0.56843786945077912
leaf_count=58545 231578 18317 171243 122933 16268 12394 17874 7635 78954 119782
internal_value=0 0.132147 -0.190242 0.159804 -0.105217 -0.294979 -0.288048 -0.264586 -0.278584 0.232013
internal_count=855523 505004 350519 474293 187511 30711 163008 145134 137499 242715
shrinkage=1


Tree=1
num_leaves=11
num_cat=0
split_feature=16 32 16 16 20 32 32 17 16 16
split_gain=16986.5 4911.92 2336.21 1980.26 1225.29 1171.5 493.124 400.073 389.706 326.887
threshold=213.28748356704648 1.5000000000000002 227.03294369691051 190.52852864575664 0.60492011619462616 1.5000000000000002 1.5000000000000002 91.684246190139802 234.22769813406154 203.70985565570911
decision_type=2 2 2 2 2 2 2 2 2 2
left_child=3 2 -2 6 -3 9 7 -1 -4 -5
right_child=1 4 8 5 -6 -7 -8 -9 -10 -11
leaf_value=-0.028980147015561352 0.0066881164945216424 -0.047451567461749639 0.018255485062848752 -0.014873514262627769 -0.0023690774311258861 -0.04103490317965882 -0.048242653997028921 -0.0018260540443580595 0.026750153681391532 -0.0048998048855561777
leaf_count=122519 219131 19729 144693 76213 12437 16283 16253 7273 129491 91501
internal_value=0 0.111746 0.136434 -0.177724 -0.26688 -0.108714 -0.264668 -0.244105 0.197956 -0.0838508
internal_count=855523 525481 493315 330042 32166 183997 146045 129792 274184 167714
shrinkage=0.112487


Tree=2
num_leaves=11
num_cat=0
split_feature=16 20 16 16 32 32 26 17 32 16
split_gain=13524.8 3447.94 2188.75 1404.96 1157.07 627.368 540.381 344.516 319.512 279.897
threshold=216.82985525384996 0.56600490223678646 197.84757716561572 230.19377529255783 1.5000000000000002 1.5000000000000002 0.67918740424851476 80.684300803057667 1.5000000000000002 223.51352043010755
decision_type=2 2 2 2 2 2 2 2 2 2
left_child=2 5 6 9 -4 -2 8 -8 -1 -3
right_child=1 3 4 -5 -6 -7 7 -9 -10 -11
leaf_value=-0.027987777722401134 0.0041004387440038877 0.0045063240321927241 -0.004767384152302016 0.021290768285725424 -0.03585151340507297 -0.042898221892807564 -0.021280948630173678 0.0012894261294521092 -0.045869661679483774 0.012238235717538173
leaf_count=63171 4636 107512 177011 215191 16571 15986 98318 9373 15807 131947
internal_value=0 0.112494 -0.140538 0.130634 -0.0660368 -0.287435 -0.217799 -0.171723 -0.280627 0.0779362
internal_count=855523 475272 380251 454650 193582 20622 186669 107691 78978 239459
shrinkage=0.112487


Tree=3
num_leaves=11
num_cat=0
split_feature=16 32 16 29 20 16 32 16 17 16
split_gain=10695.4 3344.79 1673.02 1169.46 768.319 514.367 455.364 337.676 233.381 218.629
threshold=211.45130162743956 1.5000000000000002 225.71465023572685 0.64441553192448831 0.65467581785581397 189.16635950725822 1.5000000000000002 236.18351030760178 91.684246190139802 163.0766599513137
decision_type=2 2 2 2 2 2 2 2 2 2
left_child=3 2 -2 6 -3 8 9 -4 -5 -1
right_child=1 4 7 5 -6 -7 -8 -9 -10 -11
leaf_value=-0.031210985220614537 0.0040819659380429713 -0.036746289887622317 0.014542109492142755 -0.021269490484210785 -0.0010674801333758412 -0.0077353625731197435 -0.041065808759934791 0.022680770525491119 0.0020710942861601927 -0.018608884433339815
leaf_count=25957 214533 22607 205741 68681 11533 131697 21966 93966 5885 52957
internal_value=0 0.0835824 0.103705 -0.149496 -0.219524 -0.106343 -0.237729 0.151963 -0.172708 -0.202283
internal_count=855523 548380 514240 307143 34140 206263 100880 299707 74566 78914
shrinkage=0.112487


Tree=4
num_leaves=11
num_cat=0
split_feature=16 32 16 32 16 20 20 17 16 20
split_gain=8538.47 2093.32 1558.49 815.793 729.921 549.559 401.872 295.086 264.019 159.604
threshold=218.13717969971643 1.5000000000000002 199.8628453289713 1.5000000000000002 231.28362191110241 0.69086893991662379 0.69680350202348051 80.684300803057667 173.46700731874034 0.7157729612931566
decision_type=2 2 2 2 2 2 2 2 2 2
left_child=2 4 6 -4 -2 -3 -1 8 -8 -5
right_child=1 5 3 9 -6 -7 7 -9 -10 -11
leaf_value=-0.027915098249302227 0.0083243392807183861 -0.031274256610631192 -0.0027928453267368446 -0.034221329615570735 0.017676600764371254 0.0031823634849253235 -0.023942996641171978 0.0018433079058378166 -0.013829028819350563 -0.0070887898532439207
leaf_count=48561 240316 17978 183238 13391 188361 8687 51467 10710 89364 3450
internal_value=0 0.0936249 -0.106596 -0.0441865 0.110535 -0.178234 -0.168998 -0.143629 -0.155798 -0.254813
internal_count=855523 455342 400181 200079 428677 26665 200102 151541 140831 16841
shrinkage=0.112487


Tree=5
num_leaves=11
num_cat=0
split_feature=16 20 29 16 16 32 31 0 16 16
split_gain=6736.44 1838.72 1076.69 764.075 569.817 386.078 340.041 249.529 182.449 172.301
threshold=215.91343970665034 0.59470784190933457 0.64441553192448831 229.72984422049134 202.50888850584622 1.5000000000000002 1.5000000000000002 40.500000000000007 176.87319578654134 222.08203663620333
decision_type=2 2 2 2 2 2 2 2 2 2
left_child=2 6 5 9 7 8 -2 -4 -1 -3
right_child=1 3 4 -5 -6 -7 -8 -9 -10 -11
leaf_value=-0.022780910140094535 0.0015585123361331519 0.0020457787052583472 -0.0075547589884174277 0.014933777231185549 -0.001947292312137522 -0.033113148109903033 -0.029861517074751081 -0.017221301249565862 -0.012326760073491759 0.0082172242261229211
leaf_count=39613 5790 93891 65404 224412 121988 24992 17626 69903 45256 146648
internal_value=0 0.0770209 -0.102259 0.0907911 -0.0668739 -0.185132 -0.1964 -0.111558 -0.152963 0.0516354
internal_count=855523 488367 367156 464951 257295 109861 23416 135307 84869 240539
shrinkage=0.112487


Tree=6
num_leaves=11
num_cat=0
split_feature=16 32 16 26 29 32 16 16 17 17
split_gain=5349.76 1731.72 869.547 608.223 386.527 259.522 259.39 233.205 190.747 159.142
threshold=211.14783501473087 1.5000000000000002 224.54145792139349 0.70993503039340944 0.67835744781175855 1.5000000000000002 184.49614828897339 237.84090740197522 72.97166411590068 91.684246190139802
decision_type=2 2 2 2 2 2 2 2 2 2
left_child=3 2 -2 5 -3 -1 9 -4 -8 -5
right_child=1 4 7 6 -6 -7 8 -9 -10 -11
leaf_value=-0.015801266950170176 0.0023036390582913909 -0.028471212700257473 0.010246858102413429 -0.016395561561112958 -0.0044802563139434278 -0.029141879378928877 -0.0065334452622322131 0.017662806780749274 0.011086510463680567 0.0044719873846807354
leaf_count=89071 195536 19162 253980 51546 15268 23272 126299 68025 8284 5080
internal_value=0 0.058633 0.07308 -0.106642 -0.158529 -0.16504 -0.0723314 0.105022 -0.0484403 -0.129113
internal_count=855523 551971 517541 303552 34430 112343 191209 322005 134583 56626
shrinkage=0.112487


Tree=7
num_leaves=11
num_cat=0
split_feature=16 20 16 20 16 30 16 17 0 32
split_gain=4263.31 1481.82 806.226 398.852 282.758 240.574 226.472 158.732 132.778 123.005
threshold=208.71901655009285 0.57610489976460511 224.02340679167474 0.7031095704410798 178.96760410414706 1.5000000000000002 233.23046148852674 76.666613702575987 43.000000000000007 1.5000000000000002
decision_type=2 2 2 2 2 2 2 2 2 2
left_child=3 5 -3 9 8 -2 -4 -6 -5 -1
right_child=1 2 6 4 7 -7 -8 -9 -10 -11
leaf_value=-0.015506773067840781 -0.0052104726632533132 0.001365988979063275 0.0075638806515801998 -0.011101589059487537 -0.0073270791460869952 -0.02663894608643801 0.013419963428784579 0.009122399914524959 -0.021122281636692521 -0.025923507949847449
leaf_count=36499 10159 212435 184738 41312 139137 19080 152572 7841 28120 23630
internal_value=0 0.0487322 0.0603994 -0.102199 -0.0821801 -0.170631 0.0907905 -0.057336 -0.134771 -0.174247
internal_count=855523 578984 549745 276539 216410 29239 337310 146978 69432 60129
shrinkage=0.112487


Tree=8
num_leaves=11
num_cat=0
split_feature=16 33 1 16 16 32 0 0 9 1
split_gain=3401.18 905.18 721.023 388.882 302.128 228.942 191.09 157.895 115.54 93.0452
threshold=218.7806719958036 2.5000000000000004 430.50000000000006 202.09537939921475 232.58115078741517 1.5000000000000002 37.500000000000007 29.500000000000004 0.93391348895224524 446.50000000000006
decision_type=2 2 2 2 2 2 2 2 2 2
left_child=2 4 5 6 9 7 -4 -1 -8 -2
right_child=1 -3 3 -5 -6 -7 8 -9 -10 -11
leaf_value=-0.0081867681474714817 -0.0010302977608694453 -0.019176001180323008 -0.0036173282493917802 -0.00041592236256674583 0.011544602119223974 -0.024447452754809959 -0.022243488737822052 -0.016870087315449946 -0.010485116509948829 0.0061152632066472029
leaf_count=58624 25549 16339 51825 155310 166651 23157 12818 48351 60401 236498
internal_value=0 0.0605371 -0.0656699 -0.037116 0.0693416 -0.127186 -0.0786233 -0.107671 -0.111512 0.048171
internal_count=855523 445037 410486 280354 428698 130132 125044 106975 73219 262047
shrinkage=0.112487


Tree=9
num_leaves=11
num_cat=0
split_feature=16 26 20 16 32 16 17 16 30 32
split_gain=2690.72 686.83 644.156 328.608 222.439 208.127 169.735 163.295 127.277 114.086
threshold=220.95789817031519 0.73355899382864298 0.53653786341622367 203.70985565570911 1.5000000000000002 236.57808768946668 76.666613702575987 177.93656996469272 1.0000000180025095e-35 1.5000000000000002
decision_type=2 2 2 2 2 2 2 2 2 2
left_child=1 4 9 6 7 8 -3 -1 -4 -2
right_child=2 3 5 -5 -6 -7 -8 -9 -10 -11
leaf_value=-0.01528218842912513 0.0042967366836195045 -0.0085646806086207942 0.0067921106104018615 0.00022588901416835809 -0.020745777691825451 0.012227995102742185 0.0057583401301580335 -0.0065817284476251828 -0.0013362393880366834 -0.020827696076517296
leaf_count=45478 2808 116768 276135 173753 31470 90283 11500 68271 26735 12322
internal_value=0 -0.0535064 0.0587728 -0.0263328 -0.110021 0.0665649 -0.0647236 -0.0894352 0.0540029 -0.143704
internal_count=855523 447240 408283 302021 145219 393153 128268 113749 302870 15130
shrinkage=0.112487


Tree=10
num_leaves=11
num_cat=0
split_feature=1 0 32 20 0 17 9 8 1 11
split_gain=1767.03 818.59 386.289 274.95 263.894 197.183 145.775 114.29 110.76 97.9691
threshold=470.50000000000006 40.500000000000007 1.5000000000000002 0.74057810340949271 29.500000000000004 46.453392794246852 0.9542020912722381 720.50000000000011 3520.5000000000005 0.84260243218417774
decision_type=2 2 2 2 2 2 2 2 2 2
left_child=2 3 4 -2 9 -5 8 -8 -3 -1
right_child=1 6 -4 5 -6 -7 7 -9 -10 -11
leaf_value=-0.005837751168560181 -0.00850999506257933 -0.011628435402448623 -0.019750162691949888 0.0084359537003196143 -0.012214664901493583 0.0036406850979111313 -0.0049004688837003324 0.0012681328039231123 0.0012221838411777342 0.00153951225953161
leaf_count=62227 17007 35889 35868 219916 69022 214174 67648 86729 11115 35928
internal_value=0 0.0254096 -0.0814119 0.0490756 -0.0612085 0.0539623 -0.0276026 -0.0127566 -0.0763617 -0.0278916
internal_count=855523 652478 203045 451097 167177 434090 201381 154377 47004 98155
shrinkage=0.112487


Tree=11
num_leaves=11
num_cat=0
split_feature=16 32 16 16 20 32 16 17 17 17
split_gain=1867.34 672.193 323.547 229.283 165.824 115.203 113.405 112.354 106.351 78.4404
threshold=208.71901655009285 1.5000000000000002 223.16227224502978 173.46700731874034 0.77707110241356825 1.5000000000000002 239.6501169165378 46.534220057263106 76.666613702575987 100.15119574651392
decision_type=2 2 2 2 2 2 2 2 2 2
left_child=3 2 -2 9 -3 7 -4 -5 -9 -1
right_child=1 4 6 5 -6 -7 -8 8 -10 -11
leaf_value=-0.013479962656725334 0.00096860768590758932 -0.015167060840208234 0.0059030491821722318 0.0067123282510036658 0.0028557162877170528 -0.014044260032464204 0.011921802053495807 -0.0060220475114066445 0.0063798819216787312 0.00084069118945671721
leaf_count=77056 195105 28451 301448 10421 8357 18085 45604 156565 9267 5164
internal_value=0 0.032314 0.0411923 -0.067573 -0.0984573 -0.0488445 0.0595088 -0.0410454 -0.0473746 -0.11184
internal_count=855523 578965 542157 276558 36808 194338 347052 176253 165832 82220
shrinkage=0.112487


Tree=12
num_leaves=11
num_cat=0
split_feature=16 20 16 16 30 0 13 20 16 30
split_gain=1476.12 563.458 282.267 166.102 123.372 96.1585 79.8275 78.1903 75.716 70.0876
threshold=207.07156018702236 0.64653381222724293 228.60912457534613 164.54761464724874 1.5000000000000002 33.000000000000007 30.024118619818164 0.69086893991662379 243.43372046271506 1.0000000180025095e-35
decision_type=2 2 2 2 2 2 2 2 2 2
left_child=3 4 6 -1 -2 7 -3 -5 -4 -8
right_child=1 2 8 5 -6 -7 9 -9 -10 -11
leaf_value=-0.012338345419089992 -0.0025502609600312818 -0.0018749204887411226 0.0062661656011479602 -0.0088220458319468228 -0.01563689881375073 -0.0077128813533831686 0.0033387648095868278 -0.00089514504658392028 0.013777012990854372 -0.0023575963514805174
leaf_count=58887 15499 62206 227333 20560 22130 113114 218978 67234 18354 31228
internal_value=0 0.0273485 0.0353342 -0.0629826 -0.0910922 -0.0492933 0.0153907 -0.0244607 0.060694 0.0233611
internal_count=855523 595728 558099 259795 37629 200908 312412 87794 245687 250206
shrinkage=0.112487


Tree=13
num_leaves=11
num_cat=0
split_feature=16 16 33 20 17 16 9 17 13 6
split_gain=1178.15 336.382 289.392 211.144 92.9172 90.0764 87.9883 85.0833 65.7465 59.4182
threshold=220.77316937889935 189.16635950725822 2.5000000000000004 0.59470784190933457 69.787086313535596 238.30339044401546 0.93391348895224524 85.425401216567394 31.054418415122765 0.17250131279537897
decision_type=2 2 2 2 2 2 2 2 2 2
left_child=1 6 5 -3 8 -2 -1 -8 -5 -7
right_child=2 3 -4 4 -6 9 7 -9 -10 -11
leaf_value=-0.014654482086475372 0.0041644997414209068 -0.011224585567159048 -0.011136011877152893 -0.0039276809332203311 0.0088103859219096584 -0.022043499534459818 -0.0080910861267795165 0.0043009552887904668 -0.00016568262820176199 0.0091545535115699229
leaf_count=24923 332793 28058 14755 88098 11737 782 107044 7502 176637 63194
internal_value=0 -0.0357579 0.0385147 -0.0171306 -0.00874227 0.0436285 -0.0764304 -0.0647143 -0.0126023 0.0779934
internal_count=855523 443999 411524 304530 276472 396769 139469 114546 264735 63976
shrinkage=0.112487


Tree=14
num_leaves=11
num_cat=0
split_feature=16 32 16 16 12 0 16 32 17 17
split_gain=941.049 377.328 178.861 117.554 116.311 79.5657 64.8445 59.9993 60.2757 56.1285
threshold=207.07156018702236 1.5000000000000002 221.70724266740459 161.65334741536117 110.98832970144353 33.000000000000007 240.26733480434277 1.5000000000000002 42.417254568266905 85.425401216567394
decision_type=2 2 2 2 2 2 2 2 2 2
left_child=3 2 -2 9 -3 7 -4 8 -5 -1
right_child=1 4 6 5 -6 -7 -8 -9 -10 -11
leaf_value=-0.011673647834102718 0.00035161191012790408 -0.013008612600793857 0.0041198146467099836 0.0089235437332717965 -0.00013039068277423578 -0.0063981928755024184 0.0089568303535994057 -0.010652204066490875 -0.0019394354454418151 0.000541029743240805
leaf_count=46733 185246 24411 332964 7072 13942 116529 39197 9055 75074 5300
internal_value=0 0.0219144 0.0285158 -0.0502125 -0.074028 -0.0395657 0.0411539 -0.0174434 -0.0089276 -0.0927176
internal_count=855523 595760 557407 259763 38353 207730 372161 91201 82146 52033
shrinkage=0.112487


Tree=15
num_leaves=11
num_cat=0
split_feature=16 30 13 9 17 29 8 0 0 0
split_gain=743.948 250.818 177.856 135.701 113.853 105.633 99.8775 59.9876 56.4615 56.3519
threshold=215.46997457444471 1.0000000180025095e-35 26.298353452306205 0.9400390662256457 69.787086313535596 0.52950585730008093 690.50000000000011 29.500000000000004 29.500000000000004 33.000000000000007
decision_type=2 2 2 2 2 2 2 2 2 2
left_child=2 6 -1 7 9 -3 8 -4 -2 -5
right_child=1 5 3 4 -6 -7 -8 -9 -10 -11
leaf_value=-0.0080821871781040326 0.0029983467072488674 -0.012569498294661566 -0.0032361924184642044 0.000516230417012986 0.0077903361915558269 -0.0013932610938971104 0.0051193688749085328 -0.011210572687501308 -0.001492517064097645 -0.0033867500089356769
leaf_count=94709 114120 13773 20979 74392 16466 47970 267818 27692 51369 126235
internal_value=0 0.0250798 -0.0346411 -0.021381 -0.0106817 -0.0345494 0.0335766 -0.0691045 0.0142626 -0.0172424
internal_count=855523 495050 360473 265764 217093 61743 433307 48671 165489 200627
shrinkage=0.112487


Tree=16
num_leaves=11
num_cat=0
split_feature=16 20 0 30 2 14 19 30 9 26
split_gain=612.916 280.732 138.905 89.1728 78.5183 78.0962 60.9624 62.2142 50.3537 50.2389
threshold=203.70985565570911 0.74057810340949271 33.000000000000007 1.5000000000000002 13.44058823529412 19.878983477778295 613.25000000000011 1.0000000180025095e-35 0.94215150782486379 1.8405035577449373
decision_type=2 2 2 2 2 2 2 2 2 2
left_child=4 3 5 -2 -1 -3 -4 -8 -6 -9
right_child=1 2 6 -5 8 -7 7 9 -10 -11
leaf_value=-0.006569977171912194 -0.0014646034173815151 -0.00060658403133920192 -0.0030042201243887876 -0.010473094356483715 -0.0069792588871114202 0.0044748732746997593 0.0021892823232588002 -0.0017833030116399798 -0.00068827250324036949 -0.016755282517348671
leaf_count=144327 28891 43404 54670 26802 21503 323518 132410 12251 64057 3690
internal_value=0 0.0162035 0.0228252 -0.0515608 -0.0441773 0.0344377 0.00183771 0.0123571 -0.0201742 -0.0466633
internal_count=855523 625636 569943 55693 229887 366922 203021 148351 85560 15941
shrinkage=0.112487


Tree=17
num_leaves=11
num_cat=0
split_feature=1 0 20 16 0 32 16 17 30 26
split_gain=504.213 284.92 98.6442 97.2407 91.6614 90.795 82.0067 51.7509 49.6002 53.9988
threshold=438.50000000000006 45.000000000000007 0.64653381222724293 195.0034597795792 35.000000000000007 1.5000000000000002 232.1039120097364 76.666613702575987 1.0000000180025095e-35 1.4068449276158057
decision_type=2 2 2 2 2 2 2 2 2 2
left_child=4 2 -2 -3 5 -1 7 -4 -5 -10
right_child=1 3 6 8 -6 -7 -8 -9 9 -11
leaf_value=-0.002235765064402147 -0.0070300416415170243 -0.0074835904273111153 0.0016497036860161998 -0.00019442690244306126 -0.0093599279574239132 -0.010123302822588009 0.0049722368795904687 0.0090660999404943241 -0.0026053634199498317 -0.016589676278310848
leaf_count=98090 13035 41663 337805 99130 52236 22749 161950 12340 11508 5017
internal_value=0 0.0122254 0.023409 -0.0251058 -0.0482072 -0.0330765 0.0255957 0.0169894 -0.0101837 -0.0609052
internal_count=855523 682448 525130 157318 173075 120839 512095 350145 115655 16525
shrinkage=0.112487


Tree=18
num_leaves=11
num_cat=0
split_feature=16 26 29 0 29 22 16 10 30 16
split_gain=410.734 149.451 105.478 88.5091 68.7972 62.2189 58.5276 59.8449 55.9301 52.1563
threshold=220.95789817031519 0.55583159150450323 0.29061215211069252 48.000000000000007 1.5370149385662513 522.25000000000011 245.00439803042215 0.9883259395022258 1.0000000180025095e-35 186.15370218773731
decision_type=2 2 2 2 2 2 2 2 2 2
left_child=1 -1 -2 5 9 -3 8 -8 -4 -5
right_child=2 3 6 4 -6 -7 7 -9 -10 -11
leaf_value=-0.006531329957868098 -0.0090306197421316809 -0.0029522803255507988 0.0030854078582747578 -0.0079574145516641322 -0.013152900747531939 0.00079926068450765877 0.011523717333281426 -0.063527039974336882 -0.0013815633384872586 -0.0015462498701482898
leaf_count=87044 9656 79389 347264 21996 10025 189363 11695 136 39501 59454
internal_value=0 -0.020877 0.0229909 -0.0118914 -0.0387591 -0.00274646 0.0254927 0.0947757 0.0233734 -0.0291379
internal_count=855523 447271 408252 360227 91475 268752 398596 11831 386765 81450
shrinkage=0.112487


Tree=19
num_leaves=11
num_cat=0
split_feature=26 0 16 32 11 14 16 22 31 21
split_gain=342.311 181.111 75.8028 73.4961 79.4698 63.6991 51.3665 47.8496 54.6465 42.7754
threshold=0.76712726520611596 35.000000000000007 195.59892324148524 1.5000000000000002 0.84960827897025826 19.231075207573259 187.68782894736844 614.25000000000011 1.5000000000000002 1.5000000000000002
decision_type=2 2 2 2 2 2 2 2 2 2
left_child=3 5 -3 4 6 -2 -1 -4 -9 -7
right_child=1 2 7 -5 -6 9 -8 8 -10 -11
leaf_value=-0.0070128096825459807 -0.0021157617545810993 -0.0051262315142973002 -0.0030324217865358044 -0.0079468044839026003 0.00096391409348643611 0.0069198432565824508 -0.0021826732765338349 0.0017882341413836737 -0.0048325084366357893 0.0027441711964041856
leaf_count=53573 31851 48919 53383 46191 48212 34143 58041 121357 18131 341722
internal_value=0 0.0112696 -0.0104144 -0.0355129 -0.0253589 0.024129 -0.0400143 -0.00149724 0.0082468 0.0277676
internal_count=855523 649506 241790 206017 159826 407716 111614 192871 139488 375865
shrinkage=0.112487


Tree=20
num_leaves=11
num_cat=0
split_feature=14 0 0 13 32 30 26 5 21 16
split_gain=275.931 163.11 70.9008 64.6154 51.209 44.7309 40.4169 41.8695 33.5092 33.4175
threshold=19.800449570737097 46.500000000000007 26.000000000000004 31.778787273298267 1.5000000000000002 1.0000000180025095e-35 1.5923916355841687 29.516095161437992 1.5000000000000002 179.92445035593238
decision_type=2 2 2 2 2 2 2 2 2 2
left_child=2 3 4 -2 -1 8 7 -3 -5 -9
right_child=1 6 -4 5 -6 -7 -8 9 -10 -11
leaf_value=-0.00055932877698499359 -0.0003588082802612863 -0.0056070831753661024 -0.0060212509899636489 0.0062637511953485339 -0.0075425052093936844 -0.00040806917556403282 -0.0082145437612920463 -0.0063736277336618264 0.0027020566055688667 0.00021988045924732451
leaf_count=82974 118470 27761 91669 37256 15821 53784 13876 11114 324909 77889
internal_value=0 0.00967082 -0.0334989 0.0174138 -0.0149139 0.0232821 -0.022004 -0.0159405 0.0272784 -0.00536478
internal_count=855523 665059 190464 534419 98795 415949 130640 116764 362165 89003
shrinkage=0.112487


Tree=21
num_leaves=11
num_cat=0
split_feature=16 20 0 16 17 32 14 15 30 22
split_gain=236.073 104.221 64.3637 49.8565 56.038 53.146 46.7593 42.7975 41.4757 38.2988
threshold=203.31797869459243 0.76751355045706104 29.500000000000004 155.09255680856631 45.053154093344723 1.5000000000000002 13.139937917173446 0.35713826333384946 1.5000000000000002 535.75000000000011
decision_type=2 2 2 2 2 2 2 2 2 2
left_child=3 8 6 -1 5 -5 -3 -6 -2 -4
right_child=1 2 9 4 7 -7 -8 -9 -10 -11
leaf_value=-0.0068125690750350147 -0.00062861091710249154 -0.0095592331785593586 -0.0031283849512457867 0.0049086377681251629 -0.01125055626330008 -0.0076529574946457559 0.0028036240091705192 -0.0027355451819624219 -0.006472968864723946 0.00081930711887738701
leaf_count=38286 34224 3919 36507 21423 7850 5320 316538 153791 27882 209783
internal_value=0 0.00997585 0.0142375 -0.0276657 -0.0209798 0.0214226 0.02358 -0.0279951 -0.0289136 0.00208158
internal_count=855523 628853 566747 226670 188384 26743 320457 161641 62106 246290
shrinkage=0.112487


Tree=22
num_leaves=11
num_cat=0
split_feature=13 16 9 11 0 32 17 11 16 10
split_gain=192.923 111.771 89.1912 84.6613 51.5813 39.4567 39.1499 37.3026 37.1793 37.9052
threshold=27.465676721644066 222.08203663620333 0.94215150782486379 0.68027942359739602 40.500000000000007 1.5000000000000002 65.086827043753175 0.87412022703818382 246.05408562485565 0.9883259395022258
decision_type=2 2 2 2 2 2 2 2 2 2
left_child=4 2 -2 6 5 7 -4 -1 -3 -10
right_child=1 8 3 -5 -6 -7 -8 -9 9 -11
leaf_value=-0.0025545052871070277 -0.004483962441454937 0.0020055660804952336 0.0028222771764609719 -0.00050186722922344006 -0.0071594904191564944 -0.0065250891837801278 0.011117543635844574 0.0028963318562332326 0.010231144609062628 -0.06355951481439534
leaf_count=72853 62858 351706 21168 245221 38360 23485 10909 20316 8558 89
internal_value=0 0.0071496 -0.00585156 0.00185799 -0.031837 -0.0213766 0.0501695 -0.012143 0.0194221 0.0842025
internal_count=855523 700509 340156 277298 155014 116654 32077 93169 360353 8647
shrinkage=0.112487


Tree=23
num_leaves=11
num_cat=0
split_feature=16 30 8 9 2 11 29 20 28 32
split_gain=158.64 85.0067 75.7128 53.2081 41.8799 36.6833 36.591 36.4476 35.3305 34.9871
threshold=195.59892324148524 1.0000000180025095e-35 690.50000000000011 0.89076967911465721 41.575187969924819 0.86437014286379088 1.8984096160590871 0.79064653807642749 302.25000000000006 1.5000000000000002
decision_type=2 2 2 2 2 2 2 2 2 2
left_child=3 2 8 -1 6 -5 7 -3 -2 -7
right_child=1 4 -4 5 -6 9 -8 -9 -10 -11
leaf_value=-0.010036796032494093 -0.016114348989346331 -0.0057172106199977037 0.0024311115595888073 -0.0030509293314795161 0.0015184116394122865 0.0054473229797552111 -0.012187492441849686 -0.00032325874964962632 -3.1958245621117908e-05 -0.006844284406165301
leaf_count=12716 1740 31269 325758 143899 25982 12525 5980 32147 259682 3825
internal_value=0 0.00694234 0.0114401 -0.0269634 -0.0207474 -0.0220227 -0.0335691 -0.0265178 -0.00123571 0.0228629
internal_count=855523 682558 587180 172965 95378 160249 69396 63416 261422 16350
shrinkage=0.112487


Tree=24
num_leaves=11
num_cat=0
split_feature=14 0 0 16 30 26 22 20 29 17
split_gain=134.218 99.9721 47.3367 39.1453 33.1617 45.5786 35.6995 31.6423 31.6381 26.5525
threshold=19.954474496174246 29.500000000000004 29.500000000000004 186.15370218773731 1.0000000180025095e-35 1.4068449276158057 618.25000000000011 0.55644839394130385 0.19359719737626715 76.666613702575987
decision_type=2 2 2 2 2 2 2 2 2 2
left_child=2 7 8 -3 6 -6 -5 -2 -1 -9
right_child=1 3 -4 4 5 -7 -8 9 -10 -11
leaf_value=-0.0064088385571039307 -0.006377789390605266 -0.0039257148489185607 -0.0046567600282298744 -0.0017679798948083763 -0.00084433166296175963 -0.0096205916772857045 0.0011664675303013732 0.0021561727753339776 -0.00046634285345390441 0.0086989212133775657
leaf_count=12723 5381 39367 80719 73972 27040 10355 180366 313535 104015 8050
internal_value=0 0.00694857 -0.0227783 -0.00529975 -0.00130552 -0.0291106 0.00278264 0.0193517 -0.00990342 0.0206243
internal_count=855523 658066 197457 331100 291733 37395 254338 326966 116738 321585
shrinkage=0.112487


Tree=25
num_leaves=11
num_cat=0
split_feature=26 0 25 29 11 29 14 27 22 25
split_gain=113.174 74.5336 46.3499 33.837 39.5366 33.0148 37.7586 27.06 27.6804 26.9095
threshold=0.76712726520611596 48.000000000000007 657.25000000000011 0.17203284753135359 0.86256860098965371 1.5370149385662513 49.033602014249439 25.500000000000004 238.25000000000003 15817.500000000002
decision_type=2 2 2 2 2 2 2 2 2 2
left_child=3 2 7 -1 -5 -3 -7 8 -2 -4
right_child=1 5 9 4 -6 6 -8 -9 -10 -11
leaf_value=-0.0065612109440183744 -0.010733800973954714 -0.0012577776047870629 0.0020666570268530419 -0.0027087724471346873 0.0012060580295287328 -0.010332618037998981 0.0024194794003687789 -0.0022777423633534972 0.00083121647701277744 0.0091615388385574183
leaf_count=21156 2650 81762 274628 142518 42339 11159 3988 46859 221529 6935
internal_value=0 0.00645442 0.0109404 -0.0204454 -0.0161098 -0.019126 -0.0620089 0.00160591 0.00617414 0.019926
internal_count=855523 649510 552601 206013 184857 96909 15147 271038 224179 281563
shrinkage=0.112487


Tree=26
num_leaves=11
num_cat=0
split_feature=2 16 30 22 26 30 20 11 25 20
split_gain=100.967 63.7211 54.8975 43.7583 27.4778 28.969 27.5023 27.2517 25.1885 23.5582
threshold=24.855042016806724 177.93656996469272 1.0000000180025095e-35 522.25000000000011 1.4068449276158057 2.5000000000000004 0.87392682951123402 0.83062971693803345 15817.500000000002 0.69680350202348051
decision_type=2 2 2 2 2 2 2 2 2 2
left_child=1 7 3 -3 6 -6 -4 -1 9 -2
right_child=8 2 4 -5 5 -7 -8 -9 -10 -11
leaf_value=-0.004811314618517787 -0.0025907417064066104 -0.0019701539224967791 -0.0044640858227460098 0.00073480922256871238 -0.013758559726857722 -0.00071544072172584393 0.00050006992435316987 0.00036497931687103395 0.0086723115314834981 0.0018153924906761021
leaf_count=65105 16302 99052 34785 320604 5937 3382 23772 16040 6444 264100
internal_value=0 -0.0077296 -0.00341105 0.000856573 -0.0297964 -0.080232 -0.0217699 -0.0336761 0.015282 0.0138615
internal_count=855523 568677 487532 419656 67876 9319 58557 81145 286846 280402
shrinkage=0.112487


Tree=27
num_leaves=11
num_cat=0
split_feature=0 14 13 9 21 11 7 9 20 17
split_gain=87.7247 53.4449 52.7888 37.1833 31.1643 29.3902 27.387 24.8075 20.3857 25.4266
threshold=35.000000000000007 19.05297433941254 30.234438484345905 0.93489046034955903 1.5000000000000002 0.90937259984639029 -1.0000000180025095e-35 0.95196787528841165 0.7031095704410798 80.684300803057667
decision_type=2 2 2 2 2 2 2 2 2 2
left_child=1 7 -2 4 -4 6 8 -1 -3 -10
right_child=2 5 3 -5 -6 -7 -8 -9 9 -11
leaf_value=-0.0040625984563556023 -0.0040438315294366364 -0.0032949940103812131 0.00085291298670108146 -8.1352275591205594e-05 -0.0063959124890998111 0.0041821087336128462 0.00012261204567587275 -0.00030696352004657568 0.0020144199587819678 0.0088869857993443477
leaf_count=30290 77890 8715 11032 201281 23470 44217 182645 83889 185022 7072
internal_value=0 0.00763489 -0.0133786 -0.00592244 -0.0362542 0.0127665 0.00995144 -0.0115861 0.0180113 0.0201574
internal_count=855523 541850 313673 235783 34502 427671 383454 114179 200809 192094
shrinkage=0.112487


Tree=28
num_leaves=11
num_cat=0
split_feature=16 9 11 16 13 0 17 16 17 11
split_gain=71.3154 48.523 80.3056 31.9068 31.2045 24.9779 23.9359 23.1005 20.994 42.5166
threshold=227.50457742937604 0.9542020912722381 0.68027942359739602 176.87319578654134 31.778787273298267 45.000000000000007 65.086827043753175 107.53416182873731 50.141625343858458 0.7768583234946872
decision_type=2 2 2 2 2 2 2 2 2 2
left_child=1 3 6 -1 5 -4 -3 -6 -2 -10
right_child=8 2 4 -5 7 -7 -8 -9 9 -11
leaf_value=-0.0056468787771245931 0.0015761400700347254 0.0032019512107366792 -0.00088693943082533396 -0.0016214082364816411 0.020226328981347848 -0.0038734791734564194 0.00977447712551654 0.00031568259519639973 0.00056530693090145186 -0.024989359217966169
leaf_count=32128 276502 24199 147318 110964 740 46656 9871 203035 2970 1140
internal_value=0 -0.00648981 -0.00120133 -0.0224492 -0.00519253 -0.0142709 0.0453938 0.00344919 0.0129573 -0.0579878
internal_count=855523 574911 431819 143092 397749 193974 34070 203775 280612 4110
shrinkage=0.112487


Tree=29
num_leaves=11
num_cat=0
split_feature=0 14 12 20 23 30 1 21 24 17
split_gain=62.8974 40.7357 31.6756 24.2269 21.3544 27.6147 24.5578 24.4328 20.6097 27.8339
threshold=29.500000000000004 20.168180426884735 72.884776310850256 0.47098984559035029 1.3859760867135995 1.0000000180025095e-35 708.50000000000011 9.5000000000000018 10.500000000000002 65.086827043753175
decision_type=2 2 2 2 2 2 2 2 2 2
left_child=2 -2 -1 -4 6 -6 -3 -8 -5 -10
right_child=1 4 3 8 5 -7 7 -9 9 -11
leaf_value=-0.0013222857331660516 -0.0031891366994875573 -0.0012439636702724277 -0.0066552666191362977 0.0021633772364409378 -0.0013632679348367814 -0.0087787642790621914 0.00050347735310739912 0.0066157047232812639 0.00016691294485877213 0.0075910948784703985
leaf_count=67238 85505 130226 4749 210491 29941 8066 149211 8761 154670 6665
internal_value=0 -0.00892269 0.00823807 0.0118079 -0.00383006 -0.0261099 -0.000891835 0.0074894 0.0127143 0.00421044
internal_count=855523 411710 443813 376575 326205 38007 288198 157972 371826 161335
shrinkage=0.112487


Tree=30
num_leaves=11
num_cat=0
split_feature=2 16 30 22 21 6 25 26 30 5
split_gain=52.4938 37.5605 34.2766 30.1991 22.4841 28.6642 24.25 22.4572 21.1171 20.5591
threshold=23.402127659574472 147.1914349678631 1.0000000180025095e-35 545.75000000000011 1.5000000000000002 0.17250131279537897 1166.2500000000002 1.4068449276158057 2.5000000000000004 17.992518424987797
decision_type=2 2 2 2 2 2 2 2 2 2
left_child=1 -1 3 -3 5 -2 -6 -4 -9 -5
right_child=4 2 7 9 6 -7 -8 8 -10 -11
leaf_value=-0.0054792849557579919 -0.023674407532403404 -0.0014828143571089601 -0.0019649670481789107 0.0064858523610154886 0.0012903550974794852 0.0039460187768226114 -0.0016206327687604083 -0.011732856547718254 -0.00062282916972854294 0.00036078682935845278
leaf_count=19653 481 140468 64785 7092 217870 40997 43428 6152 3340 311257
internal_value=0 -0.00577771 -0.00419495 -0.000968653 0.0106035 0.0322325 0.00717016 -0.0241242 -0.0695507 0.00442042
internal_count=855523 552747 533094 458817 302776 41478 261298 74277 9492 318349
shrinkage=0.112487


Tree=31
num_leaves=11
num_cat=0
split_feature=0 29 11 7 28 27 9 17 17 23
split_gain=47.9576 40.4243 33.9885 38.2359 37.8498 29.7916 28.6402 27.6593 19.3296 18.9716
threshold=48.000000000000007 0.50008005123278909 0.91072058675269696 -1.9091523885726926 302.25000000000006 4.5000000000000009 0.95670289792172303 67.170494721428057 60.001314010323036 0.91885219741339197
decision_type=2 2 2 2 2 2 2 2 2 2
left_child=1 -1 3 6 5 -5 -3 -8 -6 -9
right_child=-2 2 -4 4 8 -7 7 9 -10 -11
leaf_value=-0.0019575517911708399 -0.0020263136477580964 0.00012615968378049672 0.0032524714518161811 0.0014618407349471967 -0.00024010288171598331 -0.030667497345444827 0.0019906053305058747 0.00019714995379447537 -0.0062988095192320417 0.010719401982154526
leaf_count=85116 126500 127712 57833 600 302441 933 136612 2976 6813 7987
internal_value=0 0.00307871 0.00578606 0.00350379 -0.00409809 -0.160841 0.012086 0.0215746 -0.0033211 0.0699021
internal_count=855523 729023 643907 586074 310787 1533 275287 147575 309254 10963
shrinkage=0.112487


Tree=32
num_leaves=11
num_cat=0
split_feature=0 29 13 11 9 8 7 25 21 17
split_gain=41.3203 28.09 27.1591 24.8711 23.6681 22.9156 20.6459 23.8255 36.9312 20.8956
threshold=33.000000000000007 0.17203284753135359 28.533173675957332 0.92753937592120306 0.93489046034955903 4134.5000000000009 -8.1301026344299299 246.25000000000003 3.5000000000000004 58.552247812467208
decision_type=2 2 2 2 2 2 2 2 2 2
left_child=1 -1 -2 6 5 -4 -3 8 -8 -9
right_child=2 3 4 -5 -6 -7 7 9 -10 -11
leaf_value=-0.004367341422281173 -0.0029730162975181683 0.0015725322933372798 -0.0048616213494983955 0.0041047635734039294 -4.3540243410162807e-05 0.0010696377195044974 0.0011481728038399801 0.0002588159138157573 -0.037377390862334776 -0.0051982939902251281
leaf_count=13772 67530 171826 26834 26967 240496 11896 740 285751 548 9163
internal_value=0 0.00572153 -0.008434 0.00696094 -0.00408173 -0.0270239 0.00525946 0.000200841 -0.135511 0.000793545
internal_count=855523 508767 346756 494995 279226 38730 468028 296202 1288 294914
shrinkage=0.112487


Tree=33
num_leaves=11
num_cat=0
split_feature=11 7 9 10 16 11 30 16 8 22
split_gain=38.5089 42.1367 29.3171 27.6096 26.7979 25.2464 22.6794 22.4108 23.1318 20.5718
threshold=0.87613269794721416 -1.0000000180025095e-35 0.95670289792172303 0.96747518564177537 223.68545848630419 0.66379562077736098 1.0000000180025095e-35 187.68782894736844 840.50000000000011 297.25000000000006
decision_type=2 2 2 2 2 2 2 2 2 2
left_child=1 2 4 9 -1 -4 7 8 -2 -3
right_child=6 3 5 -5 -6 -7 -8 -9 -10 -11
leaf_value=-0.0019356456549183552 0.0059537255613173416 -0.0075573530886915924 0.0041976828211851723 -0.010021450651215012 0.00088017483741814671 0.00081973377507979679 -0.0026843123671172913 0.0015821163720598456 0.027196261635650313 -0.0010591684711930515
leaf_count=88722 5464 6287 34890 4538 82561 141683 15314 159248 736 316080
internal_value=0 -0.00348134 0.00417932 -0.011633 -0.00514175 0.0132211 0.0129536 0.0163614 0.0753461 -0.0105426
internal_count=855523 674761 347856 326905 171283 176573 180762 165448 6200 322367
shrinkage=0.112487


Tree=34
num_leaves=11
num_cat=0
split_feature=16 17 16 9 5 16 32 14 0 29
split_gain=36.1669 31.2738 25.0494 25.3572 25.2864 21.6677 25.3299 20.9992 20.7678 25.6529
threshold=161.65334741536117 40.719109820277495 107.53416182873731 0.9484867720254101 139.3874435424805 190.52852864575664 1.5000000000000002 31.201648924030021 49.500000000000007 1.5370149385662513
decision_type=2 2 2 2 2 2 2 2 2 2
left_child=2 5 3 4 -1 6 -2 -5 -3 -10
right_child=1 8 -4 7 -6 -7 -8 -9 9 -11
leaf_value=-0.0071827109352702251 0.010836795282089608 0.00013142455234783646 -0.0036439303091134224 0.00565792020217421 0.025498902255414645 0.0014515017460681912 -0.0023345788580765832 0.028975247219386737 -0.0010030342024355979 -0.0068877273980204236
leaf_count=2152 6604 604848 47380 1350 348 105617 2565 766 73142 10751
internal_value=0 0.00167016 -0.0255434 0.0447765 -0.0234111 0.0169519 0.0635822 0.125338 -0.000876706 -0.0156211
internal_count=855523 803527 51996 4616 2500 114786 9169 2116 688741 83893
shrinkage=0.112487


Tree=35
num_leaves=11
num_cat=0
split_feature=2 9 21 6 16 1 25 29 17 16
split_gain=30.7121 26.2995 19.9884 24.0281 19.7804 19.7433 18.1059 16.8023 16.6677 18.4958
threshold=31.157072368421058 0.9597346856697585 1.5000000000000002 0.17250131279537897 179.92445035593238 719.50000000000011 1166.2500000000002 0.97807226598431274 56.41021723113429 218.974947584761
decision_type=2 2 2 2 2 2 2 2 2 2
left_child=1 4 3 7 -1 -3 -4 -2 -8 -10
right_child=2 5 6 -5 -6 -7 8 -9 9 -11
leaf_value=-0.0039542313367237408 0.0043973943024966716 -0.00043000327333258951 0.0011766037469990822 0.0037589792188068641 -0.00098152956235022203 0.0012281592131454346 -0.00055644732599305791 -0.039735409825259659 -0.0042773465014286412 -0.02139018792552512
leaf_count=34974 181 310226 155833 37749 148925 128491 33017 275 4897 955
internal_value=0 -0.00371324 0.00974751 0.0306608 -0.0137517 0.000494617 0.00564384 -0.197515 -0.0136649 -0.0628522
internal_count=855523 622616 232907 38205 183899 438717 194702 456 38869 5852
shrinkage=0.112487


Tree=36
num_leaves=11
num_cat=0
split_feature=11 7 7 23 25 9 22 29 4 16
split_gain=27.218 33.1613 24.2418 27.4058 20.1574 24.6465 18.4918 17.1932 16.7605 14.8846
threshold=0.87613269794721416 -4.9697406291961661 -78.977756500244126 0.79446877850410469 10280.500000000002 0.87006133527589402 297.25000000000006 0.17203284753135359 231.72232055664065 187.68782894736844
decision_type=2 2 2 2 2 2 2 2 2 2
left_child=1 2 -1 -4 5 -5 -3 -2 -6 -9
right_child=7 6 3 4 8 -7 -8 9 -10 -11
leaf_value=-0.0014382620386358389 -0.0041206148822257073 -0.0069032692912875957 -0.0015346554217669083 -0.0040880571044712563 0.01009960165650175 0.00171445568067456 -0.00093525435348437963 0.0067900630605975129 -0.018646599034644159 0.0012469563421347756
leaf_count=62206 7305 6690 42684 9753 4844 184144 364169 6363 271 167094
internal_value=0 -0.0029254 0.00481884 0.00934987 0.0142814 0.0126468 -0.00927144 0.0108916 0.0762455 0.0128931
internal_count=855523 674761 303902 241696 199012 193897 370859 180762 5115 173457
shrinkage=0.112487


Tree=37
num_leaves=11
num_cat=0
split_feature=0 16 22 30 26 27 4 18 27 28
split_gain=26.4625 22.5472 18.7489 20.1517 21.7486 17.8279 17.3855 13.9427 16.2828 22.083
threshold=22.000000000000004 165.86365184033414 596.25000000000011 1.0000000180025095e-35 1.4556139868776994 14.500000000000002 5.0434677600860605 5.5000000000000009 25.500000000000004 478.25000000000006
decision_type=2 2 2 2 2 2 2 2 2 2
left_child=-1 -2 7 6 -5 -6 -4 8 -3 -10
right_child=1 2 3 4 5 -7 -8 -9 9 -11
leaf_value=0.00083203873019945614 -0.0029044692870483692 -0.00089118057910532987 -0.025618396733844286 -0.00064597363412315144 -0.0031120888907757473 -0.012763763424970291 0.00061530848555844952 0.017310630635537595 -0.015172333727349396 -0.0030455000860045156
leaf_count=310858 44185 131069 320 47161 7674 3538 289322 508 2114 18774
internal_value=0 -0.00416661 -0.00225488 0.00179629 -0.0151542 -0.0547419 0.0052124 -0.011502 -0.012055 -0.0379851
internal_count=855523 544665 500480 348015 58373 11212 289642 152465 151957 20888
shrinkage=0.112487


Tree=38
num_leaves=11
num_cat=0
split_feature=0 29 17 11 22 24 25 25 21 14
split_gain=23.048 20.3029 21.8346 16.5489 17.1294 29.922 17.3081 16.6682 27.8181 23.1692
threshold=46.500000000000007 0.17203284753135359 33.344007869656998 0.92753937592120306 513.25000000000011 21.500000000000004 459.25000000000006 1188.2500000000002 1.5000000000000002 44.008449304864946
decision_type=2 2 2 2 2 2 2 2 2 2
left_child=1 -1 -3 4 5 -4 -7 -6 -9 -10
right_child=-2 2 3 -5 7 6 -8 8 9 -11
leaf_value=-0.0034598211512370685 -0.0012368344499557788 0.0035487512822999921 -0.00069321601581985939 0.0028403660810191298 0.00069608525334106345 -0.01993486578693357 -0.0051145490561700507 0.0018682198067875289 -0.0014972226441508773 -0.0076779916233562133
leaf_count=17933 155726 26360 128544 29720 422581 1491 3010 24640 35746 9772
internal_value=0 0.00245594 0.00332945 0.00219468 0.00109969 -0.0089689 -0.0891122 0.00381832 -0.0104559 -0.0251064
internal_count=855523 699797 681864 655504 625784 133045 4501 492739 70158 45518
shrinkage=0.112487


Tree=39
num_leaves=11
num_cat=0
split_feature=29 25 12 8 17 0 29 24 28 21
split_gain=21.1715 22.7999 21.9665 56.655 21.405 17.5988 19.6565 15.1668 20.6769 20.4659
threshold=0.48960570510572288 15817.500000000002 699.41273426595808 14139.000000000002 60.001314010323036 49.500000000000007 1.3316282923425782 9.5000000000000018 527.25000000000011 9.5000000000000018
decision_type=2 2 2 2 2 2 2 2 2 2
left_child=-1 2 5 -4 -3 7 -7 -2 -9 -10
right_child=1 4 3 -5 -6 6 -8 8 9 -11
leaf_value=-0.0015847008741115792 0.00089894690677499057 0.003823189409281585 -0.064492719264846204 -0.0048985702473928108 0.020839482964359158 -0.0004936122830831119 -0.0047175308871453339 -0.0019748541317339409 -0.00021506697651861006 0.002294114654002337
leaf_count=94861 330197 7900 227 1822 1061 68890 17477 65110 217241 50737
internal_value=0 0.00175561 0.00115785 -0.102241 0.0518991 0.00144047 -0.0119868 0.00318885 -0.00157222 0.00231142
internal_count=855523 760662 751701 2049 8961 749652 86367 663285 333088 267978
shrinkage=0.112487


Tree=40
num_leaves=11
num_cat=0
split_feature=16 16 17 9 5 16 17 6 4 33
split_gain=18.9664 29.5404 27.3666 19.121 19.8356 17.3535 17.2056 17.135 16.5927 16.5473
threshold=147.1914349678631 107.53416182873731 36.440446521500121 0.9484867720254101 139.3874435424805 179.92445035593238 45.053154093344723 0.26540832895134991 39.683746337890632 2.5000000000000004
decision_type=2 2 2 2 2 2 2 2 2 2
left_child=1 3 7 4 -1 6 -4 -2 -5 -7
right_child=2 -3 5 8 -6 9 -8 -9 -10 -11
leaf_value=-0.0057366754076092416 -0.002928341973651616 -0.0049305185725349865 0.00098348370000082212 0.0077690867844881287 0.02280305479663694 0.00017979233349462207 -0.0029521202237328976 0.0032157220958654816 0.032205622128022277 -0.0027058792933429198
leaf_count=2139 6507 20201 19826 1675 360 681023 48292 48947 445 26108
internal_value=0 -0.0273355 0.000717846 0.0448117 -0.0144489 -0.000817242 -0.016061 0.0221784 0.114667 0.000651193
internal_count=855523 24820 830703 4619 2499 775249 68118 55454 2120 707131
shrinkage=0.112487


Tree=41
num_leaves=11
num_cat=0
split_feature=0 1 9 19 21 12 21 6 9 17
split_gain=18.077 16.7503 20.5292 16.6738 16.2067 15.5507 14.3776 13.9068 15.2567 12.3027
threshold=22.000000000000004 674.50000000000011 0.90750258047948751 12584.500000000002 9.5000000000000018 849.91525958289969 1.5000000000000002 0.84337346927869639 0.95520326410625489 76.666613702575987
decision_type=2 2 2 2 2 2 2 2 2 2
left_child=9 7 6 4 5 -4 -3 8 -2 -1
right_child=1 2 3 -5 -6 -7 -8 -9 -10 -11
leaf_value=0.00057703480294104235 -0.0027721219992853305 0.00041778522548428923 0.00019203225565074121 0.0070286007310178507 0.0037951130062795243 -0.063183862877236346 -0.0045977085588113226 -0.002383951414900303 -0.00010308783576780694 0.0052806784188932417
leaf_count=303715 32409 12199 224866 4945 16850 49 17762 70131 165394 7203
internal_value=0 -0.00345832 0.0019993 0.00500115 0.00382541 0.00158441 -0.022719 -0.0090939 -0.00480409 0.00609854
internal_count=855523 544605 276671 246710 241765 224915 29961 267934 197803 310918
shrinkage=0.112487


Tree=42
num_leaves=11
num_cat=0
split_feature=15 16 25 18 11 7 29 17 27 25
split_gain=15.779 20.6331 14.4896 35.5382 14.7389 24.2687 17.0981 15.9474 14.2668 13.8958
threshold=0.26134947309528461 242.82416036039862 246.25000000000003 2.5000000000000004 0.86786091815161592 -8.1301016807556135 2.0013771648125878 72.97166411590068 3.5000000000000004 20244.000000000004
decision_type=2 2 2 2 2 2 2 2 2 2
left_child=-1 2 3 -2 5 6 7 -4 -8 -9
right_child=1 -3 4 -5 -6 -7 8 9 -10 -11
leaf_value=-0.0027125252218490061 -0.00096294465977399008 0.0036406625145900839 0.00054090469925986815 -0.029203066716309699 0.00088424601776741112 -0.00085681677992912686 0.0080626652239982038 0.0035665433955880594 -0.0044759492063297509 0.023385533290514845
leaf_count=26306 2379 20157 232393 739 192943 349889 1266 16648 12343 460
internal_value=0 0.000762551 -2.4803e-05 -0.0680629 0.00023842 -0.00216078 0.0050951 0.00697781 -0.0294215 0.0364438
internal_count=855523 829217 809060 3118 805942 612999 263110 249501 13609 17108
shrinkage=0.112487


Tree=43
num_leaves=11
num_cat=0
split_feature=16 16 17 9 16 32 16 4 5 18
split_gain=14.8225 21.7179 18.3541 14.8192 14.7212 14.605 15.3997 14.4288 13.8679 13.627
threshold=147.1914349678631 107.53416182873731 37.713083724984806 0.9523885085611522 190.52852864575664 1.5000000000000002 169.73162922176229 39.683746337890632 139.3874435424805 6.5000000000000009
decision_type=2 2 2 2 2 2 2 2 2 2
left_child=1 3 4 8 5 6 -2 -5 -1 -4
right_child=2 -3 9 7 -6 -7 -8 -9 -10 -11
leaf_value=-0.0044620949968379627 0.0051056075879284618 -0.0043024508101697431 -9.469106178239618e-05 0.0068103686242527864 0.0010309688302162336 -0.0012692261594575524 0.016098347596929515 0.030830859636244788 0.019350568800774608 0.02091040364414715
leaf_count=2282 7916 20190 759368 1559 57714 3323 2025 397 358 391
internal_value=0 -0.0241256 0.000690976 0.0379162 0.0160694 0.0461103 0.0652954 0.103885 -0.0109609 -0.000745699
internal_count=855523 24786 830737 4596 70978 13264 9941 1956 2640 759759
shrinkage=0.112487


Tree=44
num_leaves=11
num_cat=0
split_feature=0 25 26 25 18 25 18 10 27 17
split_gain=14.1366 12.447 13.7078 12.2399 20.6569 12.9069 32.4282 27.6565 25.2443 18.1617
threshold=33.000000000000007 704.25000000000011 0.73355899382864298 246.25000000000003 2.5000000000000004 1142.2500000000002 1.5000000000000002 0.89749169983923915 14.500000000000002 69.787086313535596
decision_type=2 2 2 2 2 2 2 2 2 2
left_child=3 -2 -3 4 -1 8 -7 -8 -5 -10
right_child=1 2 -4 5 -6 6 7 -9 9 -11
leaf_value=-0.0019246145565110398 -0.0012181148537762556 -0.0017021277849795619 0.00068312083159866391 0.0016398560825832877 -0.026683599571536275 -8.7907032794828102e-05 -0.01219201114649611 0.00080255368156331188 -0.00027250619664108758 0.0051844868536020019
leaf_count=1851 175825 39698 131375 185958 554 64839 5554 3306 238588 7975
internal_value=0 -0.00492041 0.00115229 0.00335879 -0.067812 0.00369691 -0.00853556 -0.0652811 0.00578125 -0.000853449
internal_count=855523 346898 171073 508625 2405 506220 73699 8860 432521 246563
shrinkage=0.112487


Tree=45
num_leaves=11
num_cat=0
split_feature=11 7 7 26 20 28 27 16 30 16
split_gain=12.7846 19.2658 15.8795 18.6597 15.5154 13.4092 17.9098 13.2583 12.3157 14.0939
threshold=0.87054182974559702 -4.3858180046081534 -78.977756500244126 0.78743238161358453 1.1140140431533356 302.25000000000006 4.5000000000000009 107.53416182873731 1.0000000180025095e-35 187.68782894736844
decision_type=2 2 2 2 2 2 2 2 2 2
left_child=1 2 -1 -4 7 6 -3 -5 9 -2
right_child=8 5 3 4 -6 -7 -8 -9 -10 -11
leaf_value=-0.0012357551782342033 0.0058921403432891598 0.0036969284325031222 -0.0011563009436021592 0.014791387413478071 -0.00086230770000759549 -0.00078006169277053503 -0.021716750195978757 0.0016617546886379087 -0.00214011929056132 0.00084381901825829775
leaf_count=60630 7285 584 49676 979 35207 343107 879 163130 16777 177269
internal_value=0 -0.00219786 0.003527 0.00706089 0.0113827 -0.00734207 -0.102876 0.0154692 0.00691492 0.00927306
internal_count=855523 654192 309622 248992 199316 344570 1463 164109 201331 184554
shrinkage=0.112487


Tree=46
num_leaves=11
num_cat=0
split_feature=15 17 16 5 9 15 29 30 11 27
split_gain=12.4909 15.4474 14.9962 13.4223 24.6286 16.1961 12.6289 14.0749 14.3215 11.1335
threshold=0.26134947309528461 33.344007869656998 164.54761464724874 75.057678222656264 0.92657825561082696 0.85195699898512289 0.082126233657636064 1.0000000180025095e-35 0.69928803080977009 22.500000000000004
decision_type=2 2 2 2 2 2 2 2 2 2
left_child=-1 -2 3 -3 -5 -6 7 8 -4 -8
right_child=1 2 6 4 5 -7 9 -9 -10 -11
leaf_value=-0.0024290712108125021 0.0025434059666886812 -0.0023943414265528338 -0.046574459169251958 -0.0036452974021724143 0.022838766776160879 -0.036005632873868848 0.00034158663798917186 -0.0022880818472969869 -0.011239160176735277 -0.00070753378220198156
leaf_count=26360 30483 45691 205 1381 977 63 584473 1514 497 163879
internal_value=0 0.000517234 -0.000326004 -0.0174408 0.0551205 0.171346 0.000771069 -0.0746089 -0.191648 0.000994283
internal_count=855523 829163 798680 48112 2421 1040 750568 2216 702 748352
shrinkage=0.112487


Tree=47
num_leaves=11
num_cat=0
split_feature=22 27 28 25 9 14 12 11 27 26
split_gain=11.773 30.4799 25.9281 12.805 12.6424 20.4259 15.9193 13.435 15.368 21.7372
threshold=507.75000000000006 32.500000000000007 487.25000000000006 6093.5000000000009 0.89821316579907295 83.102377754357349 849.91525958289969 0.67779596647459417 2.5000000000000004 1.0614251777799686
decision_type=2 2 2 2 2 2 2 2 2 2
left_child=1 3 -3 -1 -2 6 7 -6 9 -9
right_child=4 2 -4 -5 5 -7 -8 8 -10 -11
leaf_value=-0.00055294465948127415 -0.0014839118215341967 -0.019529451263798618 -0.0032205392502189251 -0.027649317990622001 0.0015780123707793115 0.0052247336912081624 -0.047591840641306074 -0.001960301825259813 0.00015319807602578507 -0.01543154108624155
leaf_count=151036 52580 1964 3316 221 84229 10610 88 13645 536129 1705
internal_value=0 -0.00787471 -0.0825606 -0.00526761 0.00171967 0.00293261 0.00220644 0.00226531 0.000468692 -0.0307292
internal_count=855523 156537 5280 151257 698986 646406 635796 635708 551479 15350
shrinkage=0.112487


Tree=48
num_leaves=11
num_cat=0
split_feature=16 17 16 32 16 16 16 18 33 29
split_gain=11.2831 13.2044 20.7036 13.8261 13.3701 12.4791 12.1526 11.5075 11.3527 12.9071
threshold=151.38509376195947 40.719109820277495 196.19887003660943 1.5000000000000002 180.89493529674255 107.53416182873731 169.73162922176229 6.5000000000000009 2.5000000000000004 0.17203284753135359
decision_type=2 2 2 2 2 2 2 2 2 2
left_child=5 2 3 6 -3 -1 -2 8 9 -6
right_child=1 4 -4 -5 7 -7 -8 -9 -10 -11
leaf_value=0.0033297011937147725 0.0044761210465679487 -0.001706987526618799 0.00058143890154731324 -0.00097832310435292703 -0.0059547650416576512 -0.0030048988105339158 0.012184155583559468 0.019965102035484506 -0.0023588745935144116 0.00017746288465168492
leaf_count=4609 9403 59747 104825 3984 4374 26909 3571 367 24012 613722
internal_value=0 0.00080069 0.0104132 0.0428304 -0.000866367 -0.0184784 0.0586533 0.000464269 0.00036309 0.00119186
internal_count=855523 824005 121783 16958 702222 31518 12974 642475 642108 618096
shrinkage=0.112487


Tree=49
num_leaves=11
num_cat=0
split_feature=11 7 9 17 17 13 13 10 22 21
split_gain=10.9001 12.1617 16.6708 15.3579 15.0003 13.5973 13.2161 12.8015 12.1424 14.7513
threshold=0.89983659738075217 -1.9091523885726926 0.9658720718876509 51.341529561854749 65.086827043753175 168.98602353762865 48.760141962236368 0.96431019387626182 272.75000000000006 3.5000000000000004
decision_type=2 2 2 2 2 2 2 2 2 2
left_child=1 2 3 -1 -4 6 -5 8 9 -3
right_child=-2 7 4 5 -6 -7 -8 -9 -10 -11
leaf_value=0.00047968555226281863 0.0010921918678991156 -0.0015754682559377692 0.0010933244941217237 -0.00074642210970251568 0.005734887757705703 0.0068902991116548337 -0.0039198411549395823 -0.0049888660269531175 -0.00039807924505016714 -0.014271922051301369
leaf_count=159195 103693 3407 98014 58661 9680 2432 23162 8097 387428 1754
internal_value=0 -0.00122742 0.0030689 -0.00151385 0.0134285 -0.0124315 -0.0146216 -0.00499254 -0.00418079 -0.0523658
internal_count=855523 751830 351144 243450 107694 84255 81823 400686 392589 5161
shrinkage=0.112487


Tree=50
num_leaves=11
num_cat=0
split_feature=0 9 6 25 27 14 29 28 18 21
split_gain=10.5954 10.7713 13.1372 11.3012 10.9976 10.645 13.2152 10.4526 25.4497 18.4507
threshold=22.000000000000004 0.9597346856697585 0.7727272143769891 749.25000000000011 6.5000000000000009 22.641274398759474 2.2479051820490561 969.25000000000011 1.5000000000000002 10.500000000000002
decision_type=2 2 2 2 2 2 2 2 2 2
left_child=7 5 4 -4 -3 6 -2 -1 -9 -10
right_child=1 2 3 -5 -6 -7 -8 8 9 -11
leaf_value=0.00080571512947749376 -0.0022516521685494333 -0.0012216979064164223 -0.0014469575212258 0.00092141865473351135 0.00084695913631322979 -0.00043826458920214275 -0.027821322669691569 0.0001111899103044618 -0.0060990851459200206 -0.043900961046930878
leaf_count=260864 52821 38634 102599 33922 205409 110852 257 42470 7528 167
internal_value=0 -0.00269548 0.000223646 -0.00763181 0.0046181 -0.00947223 -0.0211177 0.0046206 -0.00859899 -0.0615138
internal_count=855523 544494 380564 136521 244043 163930 53078 311029 50165 7695
shrinkage=0.112487


end of trees

feature importances:
Column_16=104
Column_17=43
Column_0=35
Column_32=34
Column_20=25
Column_9=24
Column_29=22
Column_30=22
Column_11=21
Column_25=17
Column_26=16
Column_21=13
Column_22=13
Column_14=12
Column_27=11
Column_7=10
Column_13=10
Column_1=8
Column_18=7
Column_28=7
Column_5=6
Column_6=6
Column_8=6
Column_2=5
Column_10=5
Column_12=5
Column_4=4
Column_15=4
Column_23=4
Column_33=4
Column_24=3
Column_19=2
Column_31=2

parameters:
[boosting: gbdt]
[objective: regression]
[metric: l2]
[tree_learner: serial]
[device_type: cpu]
[data: ]
[valid: ]
[num_iterations: 100]
[learning_rate: 0.112487]
[num_leaves: 11]
[num_threads: 16]
[max_depth: -1]
[min_data_in_leaf: 20]
[min_sum_hessian_in_leaf: 0.001]
[bagging_fraction: 0.95]
[bagging_freq: 1]
[bagging_seed: 25556]
[feature_fraction: 0.974303]
[feature_fraction_seed: 31605]
[early_stopping_round: 0]
[max_delta_step: 0]
[lambda_l1: 0]
[lambda_l2: 0]
[min_gain_to_split: 0]
[drop_rate: 0.1]
[max_drop: 50]
[skip_drop: 0.5]
[xgboost_dart_mode: 0]
[uniform_drop: 0]
[drop_seed: 6130]
[top_rate: 0.2]
[other_rate: 0.1]
[min_data_per_group: 100]
[max_cat_threshold: 32]
[cat_l2: 10]
[cat_smooth: 10]
[max_cat_to_onehot: 4]
[top_k: 20]
[monotone_constraints: ]
[feature_contri: ]
[forcedsplits_filename: ]
[refit_decay_rate: 0.9]
[verbosity: 0]
[max_bin: 255]
[min_data_in_bin: 3]
[bin_construct_sample_cnt: 200000]
[histogram_pool_size: -1]
[data_random_seed: 113]
[output_model: LightGBM_model.txt]
[snapshot_freq: -1]
[input_model: ]
[output_result: LightGBM_predict_result.txt]
[initscore_filename: ]
[valid_data_initscores: ]
[pre_partition: 0]
[enable_bundle: 1]
[max_conflict_rate: 0]
[is_enable_sparse: 1]
[sparse_threshold: 0.8]
[use_missing: 1]
[zero_as_missing: 0]
[two_round: 0]
[save_binary: 0]
[enable_load_from_binary_file: 1]
[header: 0]
[label_column: ]
[weight_column: ]
[group_column: ]
[ignore_column: ]
[categorical_feature: ]
[predict_raw_score: 0]
[predict_leaf_index: 0]
[predict_contrib: 0]
[num_iteration_predict: -1]
[pred_early_stop: 0]
[pred_early_stop_freq: 10]
[pred_early_stop_margin: 10]
[convert_model_language: ]
[convert_model: gbdt_prediction.cpp]
[num_class: 1]
[is_unbalance: 0]
[scale_pos_weight: 1]
[sigmoid: 1]
[boost_from_average: 1]
[reg_sqrt: 0]
[alpha: 0.9]
[fair_c: 1]
[poisson_max_delta_step: 0.7]
[tweedie_variance_power: 1.5]
[max_position: 20]
[label_gain: ]
[metric_freq: 1]
[is_provide_training_metric: 0]
[eval_at: ]
[num_machines: 1]
[local_listen_port: 12400]
[time_out: 120]
[machine_list_filename: ]
[machines: ]
[gpu_platform_id: -1]
[gpu_device_id: -1]
[gpu_use_dp: 0]

end of parameters

pandas_categorical:null
